67793999232637
8866418614616
4623098234817
141032538779115
298556844628044
135197471084484
51340991418467
406728949831476
192008798314271
69492973627616
34268403168232
169662932819679
53677029699996
23484059396249
13222148936639
190688088266
109257622464446
82871276267498
356491002344829
65719127478706
47942939260160
110106154314547
337916216209450
139904401924564
424136558677084
1153263400762
37530029207803
122695937899712
21268935332959
7423785552974
15109893580215
118450088708242
109352360750017
185569759726452
20843414442857
27489525485525
3146369688504
441453864384337
534613285643804
24888810123365
576180680542997
331792265364431
172320562828043
58156398658590
103306540833247
61213093149136
116812515841323
171888570903385
49110635560914
948612614547
272154858927342
58076610463525
221468803887849
161566433846187
86147168105603
589508353036949
179076485091275
155012370378678
63664634477050
256131404181867
37449245933755
42505213095652
97297832332161
587385388553191
504487830090467
124172368396450
222574799869633
260294849298380
101894766965418
33206712317141
86357010679569
543732676208912
133937395305694
236491130639997
198439911776519
61786446620419
346936340331554
297953067843712
43830099051475
47027524127622
148716579913436
190542667103052
116523476481416
65359780188068
608007132748530
256519294213287
44027947702769
252133159143087
625286668629810
295149720269956
240273423069269
566356905884199
38143720725312
164720915776927
146348929146346
67315145856646
1130183747762
181984123349025
418353104315967
139084104810128
121593447103391
118535784509025
310367782715733
147084168059495
154506631335907
156856820977112
480575629988878
60255226106801
103957768489184
126528370080398
28159700417475
510880327057211
195684374242792
57947203824827
164646492865655
167419461228768
192575563478916
257912495502320
206095445103471
304741004147337
413992106709813
48409273115809
99713138072939
25409978067310
89035421791360
8944740264829
59825249023083
102056037680304
510468128617950
368630008980
213727554003643
195113757059435
355440338920374
18458686028305
89207935420801
92385218057607
598676699951066
74732936634824
284744500407081
75643133313112
4374725277500
184051748304010
25476903711321
70991313795680
261426709787943
25649092858025
42264214533132
579571665581665
284152845939535
144986195844114
350818557633864
712403691389306
54670505629305
101012736331458
132112592518493
186525132629621
572434423653435
80667053342383
610266114203421
128904139214982
4965470791470
650515217524563
165241639498154
30309765026685
186505541046290
103919527584443
4577974495127
174259466790872
665455878433461
189984324443329
31662159862025
262392941363136
25247397161402
369335695370229
74324556099042
22479506583895
32672756068401
223636697455617
63623540625290
232102882887420
172162996095701
5643106169128
212311115579425
137306957182408
10653971588413
49690173484107
118887735102472
47163408041722
96684643127167
145274379685462
4114950201663
96805021106112
63414344321977
227921714930561
1038890668767
134961900333337
163803722964607
909912050593158
9681179632565
145966156888283
11863853559346686
7831626379821774
2462626215242940
3948469639096390
1438055652313116
7652184633847672
7475338776094776
13076572847017885
22046151000542847
21852888436590416
6354000719977978
468820679740188
452615227737689
2792676376952296
3748492956950660
17644050787162315
5475338018074139
279999524118909
2619531753219294
6585179660339663
759379781142156
17589414077949203
16976541176800921
744211218456425
49712976197470727
116601984324047
23128117898491406
17481054094294010
760203379606173
512548492201321
10745186880035238
16892388192513480
10492350387259708
3211829021452249
2795931927445791
6723341014669929
13326117239722747
13885112640872785
572710199750955
7901449010293722
2445266239334009
18381722243545921
5895229327620877
1969148154874717
15414583458711516
6979357826730354
5268747235162797
23182610006998798
6909445240194529
59739313525884
6527004202736066
1943608470597284
1401379189505162
28022573161595942
14242196336078829
9727279101443591
5725828518564540
3722702019375495
60343076695768583
23881079038189516
6505419038181276
4524670921156600
4126796315231063
7085783987546140
7658538994207570
20594678029174805
5337570562699466
1052597333722719
1893087817591125
2038090737170090
2533126843275885
8309730138598853
13170144314088313
14820284453332042
786653126720868
24440467334069404
7922691478589274
8260689658373919
2098212485854110
9090627069236898
18457596782945021
7957062411816282
37534546319526204
9116658643295217
24465405162666060
3488549920105603
93285465497636
5080113018948141
5863891765048136
9693196751965666
7328365411991912
5803887563226972
4642079318283677
6274007576730356
21200292602622701
2602681989580492
22283197212702873
20736130284782468
3821923709378423
27470315199244460
7155995049055135
17616139907753266
12662400277165447
4529268748026581
13714401608035991
15414078417847880
14740317548677275
14399351069415866
14978453281728379
828489522975402
14811616643734064
4385629288615653
7687042716687041
12125674070477870
28681510514714710
28991868506850036
3307398451569168
530690802590553
3544959957374248
2633896394371250
1283701394062396
17287655024343117
2717691091493332
4721594943940100
21557537608470943
13169626293075751
2967225756011348
18787641181398712
37264051023049194
2266868623022967
11377713865046003
3175704257329119
1009712802762204
2629341325219562
5360890281226604
1830555928334303
9164949218249746
2337924025020608
541749759516669
10578784192669774
2463627392108508
20336206811257985
1950499986392886
2237738476043145
6522988063831074
17952958216883574
6849880382976803
9138565400597057
1195624113676221
603257176020653
3088223784151563
3084241278586620
22211427991715671
7943249670801062
16631746980563834
19891403447362893
2196201195781321
4950743793090108
7999261324055061
12446912181948999
688512484046308
38421902484906349
25265976678235174
6210005545768071
3892588645131835
15128167843626765
12837229375372863
11509962362335804
5280518213440365
14110837765187716
7915516106443731
13475131895414167
5327434574873576
10405825657982111
10750603255229238
6678433751092530
248671876454575
10234007470935820
5308828695617941
22173641641462117
536970745558137
22053708412978547
16784682051177509
45968162420424529
24135394892687390
15733921626405234
16759540973051298
45214936432309487
9898215501109394
8208321553687534
14428831713801592
30227721480129000
6658017395770188
37268775043206908
19431639953572719
2815458313331894
10839346350483196
6577356208088830
16430293607594176
5295953426100064
11863853559346686
7831626379821774
2462626215242940
3716788645662106
1438055652313116
7652184633847672
22160788644232165
20916733755574398
22046151000542847
21852888436590416
13153289132576856
468820679740188
4228276824974185
2792676376952315
3748492956950660
17644050787162315
5475338018074139
279999524118909
2619531753219294
6585179660339663
759379781142156
17589414077949203
16976541176800921
744211218456425
17205311611516221
7088472359351826
23128117898491406
611456874738991
760203379606173
512548492201321
10745186880035238
18943340556431208
25883113940727506
29293655012405314
2795931927445791
528726306118477
1810072190813605
13885112640872785
572710199750955
16245010411400120
6183332917249669
18381722243545921
13962001918999549
40512142151300271
15414583458711516
6979357826730354
5268747235162797
23182610006998798
23168726869156397
59739313525884
6527004202736066
1943608470597284
1401379189505162
28022573161595942
1823357736109559
9727279101443591
5895257953308428
3722702019375495
25219413871202006
23881079038189516
6505419038181276
4524670921156600
4126796315231063
7085783987546140
20895556413101950
5607840827327053
17569317449660071
7407843812058300
1893087817591125
2038090737170090
2533126843275885
8309730138598853
13170144314088313
14820284453332042
786653126720868
45346069325939438
43768730198828984
30384901947166640
2098212485854110
9090627069236898
39294103779130722
11009399203825696
37534546319526204
9116658643295217
26318196462265173
5235621435113593
93285465497636
5080113018948141
5863891765048136
9693196751965666
7328365411991912
5803887563226972
4642079318283677
37867433197838065
21200292602622701
8915163439378577
18335780217144532
5406939198145822
4218938603130946
36895132311726154
7155995049055135
17616139907753266
12662400277165447
23488137706007226
13714401608035991
15414078417847880
2085858924610991
24878913646138920
61338141302831705
828489522975402
4254210879967109
4385629288615653
7687042716687041
12125674070477870
28681510514714710
28991868506850036
7777225042466731
530690802590553
3544959957374248
2633896394371250
16495073814609889
21973723584165649
2717691091493332
4721594943940100
27432731301035967
25277680093083141
18095084149664920
18787641181398712
23362285368603814
63383486160259726
54404651041842698
20602741047835516
1009712802762204
2629341325219562
12715994078482283
1830555928334303
14477302269589617
2337924025020608
1005097218773676
19609443279978888
2463627392108508
20336206811257985
5487858047858508
17359653038783312
6522988063831089
17952958216883574
32403644263480497
9138565400597057
39736435134701647
603257176020653
31368368530599806
3084241278586620
22211427991715671
25097333563423411
16631746980563834
19891403447362893
12295226658915351
15343002609483218
7999261324055061
12446912181948999
70715798234758075
26002567126190974
436895688226559
6210005545768071
23331170924110462
37665963373939481
12837229375372863
15565942806241164
13988287786750429
26844166300877831
68794979496862817
13475131895414167
5327434574873576
52856421743059854
10750603255229238
2414465424689074
248671876454575
24674819670342591
5308828695617941
37014972361176973
536970745558137
22053708412978547
29041368360234481
45968162420424529
15790856598695501
15733921626405234
16759540973051298
45214936432309487
7431867419011427
8208321553687534
14428831713801592
30227721480129000
6658017395770188
37268775043206908
45284642350526161
2815458313331894
12918979228737524
6577356208088830
16430293607594176
5295953426100064
119855398427801
8866418614616
4623098234817
141032538779115
597614659584735
135197471084484
51340991418467
406728949831476
174181089545051
69492973627616
34268403168232
169662932819679
131092293856953
23484059396249
13222148936639
190688088266
415332663101276
82871276267498
356491002344829
65719127478706
242745776071812
110106154314547
337916216209450
139904401924564
48531940243094
1836220533002
37530029207803
26371811326163
21268935332959
174638358080369
250869634727814
118450088708242
276801612920732
185569759726452
20843414442857
27489525485525
80680130499478
749504849997761
534613285643804
24888810123365
264066080372267
220180223263659
160659664195559
50746462282741
675989989814347
141749779036262
116812515841323
476810857583287
264571895653599
948612614547
272154858927342
134899335727664
243599291703556
269545170622869
86147168105603
589508353036949
417724373343145
155012370378678
178128484878443
256131404181867
365525225410702
42505213095652
245822769562057
244893625307818
772553194316490
697768335678881
222574799869633
468065709510535
430966573017879
33206712317141
368249535190244
446321845053938
133937395305694
236491130639997
198439911776519
305195449661709
346936340331554
297953067843712
43830099051475
47027524127622
85841634993348
190542667103052
113831451314329
65359780188068
608007132748530
297575695488590
460887369134505
259196647649688
47427527415062
494116037538615
240273423069269
410235534648196
218354166735721
164720915776927
316299092864493
160134263462743
1130183747762
181984123349025
20275341393254
210636907251061
121593447103391
118535784509025
351536157447138
147084168059495
154506631335907
296233345563557
480575629988878
60255226106801
682037617399963
126528370080398
88670760998670
303434584952031
195684374242792
165043764279258
281068442470543
167419461228768
741108103889540
257912495502320
206095445103471
806616868238376
413992106709813
48409273115809
99713138072939
291206790140623
266786047735501
8944740264829
59825249023083
102056037680304
598005353901194
368630008980
214250068711884
195113757059435
42215318386139
212476197837588
89207935420801
476618097856387
31864625307067
79866139645693
383725117824398
75643133313112
4374725277500
184051748304010
25476903711321
70991313795680
261426709787943
25649092858025
87030524856888
649252569012122
284152845939535
594427589372118
350818557633864
1354956425217842
54670505629305
101012736331458
132112592518493
186525132629621
572434423653435
80667053342383
610266114203421
217659755898361
4965470791470
376412019477265
165241639498154
30309765026685
221067729971712
131182139534327
4577974495127
277057348094194
501352979404235
189984324443329
31662159862025
262392941363136
25247397161402
369335695370229
74324556099042
22479506583895
65997070887970
377442799037558
63623540625290
232102882887420
222529021266406
22192792545787
418731711909776
573300571392262
10653971588413
49690173484107
78535836881883
47163408041722
105756794922019
145274379685462
4114950201663
96805021106112
63414344321977
227921714930561
428730063717421
134961900333337
163803722964607
780756819697266
9681179632565
145966156888283
11863853559346686
7831626379821774
2462626215242940
3948469639096390
1438055652313116
7652184633847672
7475338776094776
13076572847017885
22046151000542847
21852888436590416
6354000719977978
468820679740188
452615227737689
2792676376952296
3748492956950660
17644050787162315
5475338018074139
279999524118909
2619531753219294
6585179660339663
759379781142156
17589414077949203
16976541176800921
744211218456425
49712976197470727
116601984324047
23128117898491406
17481054094294010
760203379606173
512548492201321
10745186880035238
16892388192513480
10492350387259708
3211829021452249
2795931927445791
6723341014669929
13326117239722747
13885112640872785
572710199750955
7901449010293722
2445266239334009
18381722243545921
5895229327620877
1969148154874717
15414583458711516
6979357826730354
5268747235162797
23182610006998798
6909445240194529
59739313525884
6527004202736066
1943608470597284
1401379189505162
28022573161595942
14242196336078829
9727279101443591
5725828518564540
3722702019375495
60343076695768583
23881079038189516
6505419038181276
4524670921156600
4126796315231063
7085783987546140
7658538994207570
20594678029174805
5337570562699466
1052597333722719
1893087817591125
2038090737170090
2533126843275885
8309730138598853
13170144314088313
14820284453332042
786653126720868
24440467334069404
7922691478589274
8260689658373919
2098212485854110
9090627069236898
18457596782945021
7957062411816282
37534546319526204
9116658643295217
24465405162666060
3488549920105603
93285465497636
5080113018948141
5863891765048136
9693196751965666
7328365411991912
5803887563226972
4642079318283677
6274007576730356
21200292602622701
2602681989580492
22283197212702873
20736130284782468
3821923709378423
27470315199244460
7155995049055135
17616139907753266
12662400277165447
4529268748026581
13714401608035991
15414078417847880
14740317548677275
14399351069415866
14978453281728379
828489522975402
14811616643734064
4385629288615653
7687042716687041
12125674070477870
28681510514714710
28991868506850036
3307398451569168
530690802590553
3544959957374248
2633896394371250
1283701394062396
17287655024343117
2717691091493332
4721594943940100
21557537608470943
13169626293075751
2967225756011348
18787641181398712
37264051023049194
2266868623022967
11377713865046003
3175704257329119
1009712802762204
2629341325219562
5360890281226604
1830555928334303
9164949218249746
2337924025020608
541749759516669
10578784192669774
2463627392108508
20336206811257985
1950499986392886
2237738476043145
6522988063831074
17952958216883574
6849880382976803
9138565400597057
1195624113676221
603257176020653
3088223784151563
3084241278586620
22211427991715671
7943249670801062
16631746980563834
19891403447362893
2196201195781321
4950743793090108
7999261324055061
12446912181948999
688512484046308
38421902484906349
25265976678235174
6210005545768071
3892588645131835
15128167843626765
12837229375372863
11509962362335804
5280518213440365
14110837765187716
7915516106443731
13475131895414167
5327434574873576
10405825657982111
10750603255229238
6678433751092530
248671876454575
10234007470935820
5308828695617941
22173641641462117
536970745558137
22053708412978547
16784682051177509
45968162420424529
24135394892687390
15733921626405234
16759540973051298
45214936432309487
9898215501109394
8208321553687534
14428831713801592
30227721480129000
6658017395770188
37268775043206908
19431639953572719
2815458313331894
10839346350483196
6577356208088830
16430293607594176
5295953426100064
29010186181784
72303343547131
75509850455636
12564639412948
298458556833834
17310101886925
31217426192757
177224580516339
240000408777501
156965064805618
147647747699161
180217745963043
12184369381818
74222503994899
20086192437667
57067068296490
115199724280144
21349630638115
813434286654
273315663915372
574453943388718
87744403080896
30283300734547
14509015592692
13352929120603
34353309239137
167224851161920
164880075688220
307864645196611
231151085927384
143665783132278
308753526345026
12854260130205
37594766882485
71661813760910
31928619023718
23476498479341
37974283288167
194200669087171
114994336912384
28983037678901
144246419780334
11617003864040
81029878887030
89909978088646
158841092476944
11193103867153
125329335322535
105907372896649
182919500876045
174877311111847
81833126690019
151713732560203
44034476669487
12954729869201
14697117085037
114097938668288
162516130381424
15908302878151
14380579231841
180248956936080
163184781851384
274915266125146
400631897623
45325058229243
53787259623700
40123103941859
2758947815018
26585401979836
14485503581813
62930156033202
124811605572
19743224851585
281294727140555
59122099939051
96032898141667
483438674743211
47396388282146
40083759561298
560740390194483
106411682921929
125637699339882
70027836193199
43667335541416
32904735745353
42272171201650
36612494519283
69567936775279
77427645918560
125354325993911
138439203073785
3048618596280
251629341705490
33701207395205
31244264039915
20173868599038
35090405363338
16228947236891
328941585651565
168634658130143
18328415733235
126340908906737
38879637815102
68578731681407
319164552067908
9115924260848
7780784188700
25034719392883
64667730703371
83629034786670
48262226329699
49907275798266
40265855871817
95597801636096
23686194915079
5449942967448
29438827506040
44985537754251
89473614760208
307015277624867
49148373940812
156528743613569
3421855491754
28423192397698
109891526615335
23019556154135
24931168441508
5492898543677
210074790485789
104449952973771
90352217471889
37998288403125
17596084145158
99923241918285
19289817854128
136094231301099
8607581713784
26294975039068
20615286902402
100717118925939
13863008912694
45322105934752
248154326269166
207906077400569
103164430069999
206058732178668
60242339889052
34950009814422
1819018706795
66732157684515
59646192369956
22916542958625
104008217752185
20351991026170
82166143326147
70558948206030
103906745179246
179821124723910
110642947768679
18252636313884
48504738696070
200041795804437
381487635587936
26777011373663
51911109661549
223239813733765
25766374575483
127656024152781
37856322924409
41378357160512
13611817665547
311625108672888
93135848289570
124545930425348
62962471434193
48243045895990
111502778953578
500274874699182
181385899416595
80059738442266
2246250390219
221072696651936
85371095442910
75544918955671
23597092364465
255175164028747
59263555004116
198712960736030
69834907588437
247784359617416
14440581990670
89674673906479
146370996678675
33910100181058
41042707423778
87592957213801
44408455378803
13137363973171
8204365473126
48025491876035
601016132054
1536216359675
9008898676673
9828311354856
5663416557688
764541728017
330711268626
26182838368
4958019179301
9510478100596
4000381899800
9833835328285
5246214976019
5321905679648
4968908230811
5045508405451
3454819946097
2028841985570
2302542803848
1957359155831
1730716494774
7747680831853
121528888613
1864287836717
3342412114993
1905167967261
2971134898203
7437480893740
16357635897262
5844106341181
1473411104844
3195123274761
1122835405821
913052822272
2557200611811
5969424442547
3023395825123
2127833822940
2002796091617
250975792856
14177478188764
5172943682647
5207375482002
607104664374
6873176825620
3380967410729
8645733715055
2428527813266
970784117857
4015159251153
2959616399037
3659083102083
884123468721
2914791131908
9519966864417
14758988492011
2931375855152
2225049266435
7100430456417
474605219195
774509959754
7996320790085
1317890569370
13183112334342
187438189482
7329650310932
2813429132764
350083751762
486482744150
2515765254802
1547755563301
1314613720223
1506910049164
1500645442636
9049346566297
2288710922971
10018591103303
6883845011089
2430198488971
571551069551
24347001260
2054752675656
9115705330227
4901131316970
7016215363886
1846490386594
6728975062481
1365038050999
7148778017495
8682079272974
425049586416
7857732913352
12627020975093
5775208042304
5215877577697
2108375588775
4267806934852
5888183929499
2608872521242
4094322076077
275192251819
17461511684139
1319646473014
3032012396197
1187013687729
3930500498309
924375617157
793034482219
4817762039489
246830492994
615678020339
24045659460437
3297996191187
3756116319982
4816192559346
589512090974
5576940103627
8063954379073
581956380156
4362260805123
6688428907172
6420149362988
1502360959345
1033310125752
4131349243992
1643628074869
6008480605497
6392296353875
236231967229
4670256035606
4763479777019
4753943057957
8602875514621
6919961587515
28795177606464
11311153684393
5502145463678
527011640744
2505423313075
633760442131
163163886239
792640552756
265587014873
3316195829275
3148290155922
2949212527814
1830022787430
2302918638978
476144896224
3298116607578
713639880752
6396398350260
15244936094398
2012365421415
1758658470408
5542131741991
3451146736343
115887655150
1482487182821
2123753975309
8795445041210
266854589823
5369326672798
7231087744513
1920982263333
15930593344735
1111977936030
1215118784240
7689211168288
897989305134
3060853849
3709707392939
2732402042777
6145758243662
4402666724972
2591122551579
3828266664423
6057856468659
17361562978102
431929604166
1234829244587
3982077954203
1784728576245
10678367291477
2522538722560
8474009077943
2356259610768
8702572925724
4307926275143
7901331164147
323829598201
525482332369
6622383067828
2110170613642
4777597946606
2703397136154
398155936749
24652431104269
1980502014588
1104278252578
42901000130462
40608390813074
9008898676673
16809692554951
59172177671125
764541728017
16352764191173
19831447594953
81712379075718
11593933614828
4000381899800
71581902423042
50549544744867
38243246735907
16902989894074
5654342820054
63304019264093
25407841426764
31502252979868
19329803141521
61858897926191
58962757613479
24860056630373
84225858722534
20973172789068
38020824128616
2971134898203
7795275475100
24917548726237
82615623559690
1473411104844
3521944067553
23853916772474
14871957455112
221767860557807
6523537184532
100809489411365
2127833822940
47521626186488
16061257213213
14177478188764
17194643493870
29220605553963
67245416000588
78395965216470
3623212670165
15719419364611
10864014002270
970784117857
4198325169544
87094211181487
33988980490534
884123468721
27197922452865
72214511392678
24650499099988
47883885739210
8525621288665
19859863112671
13946289267613
123363530895669
82539946044736
6621441411336
52284681113658
26791581085479
11642201024334
42229409132246
350083751762
7513763993837
43951897902709
24494624639472
36147723371432
1506910049164
1500645442636
30148286817082
50096776048926
23158852210416
16532062960679
16565246774354
64200540792391
77742882617594
2054752675656
19199768027690
51293214107984
43383311025778
7912210456837
21228353497738
31530982960559
14627940310313
106404922848033
50388189580755
32852850769928
99308591009114
53591192344381
5936810688452
16057692975882
23748611909420
5888183929499
24552146434612
63963372777293
621707140330
63841672323858
39290960857374
34607902529308
50368901686157
3930500498309
73271355582432
30596060854915
30657160519990
21531081659579
25305343870991
90984152091259
64744495071453
7572196500814
4816192559346
27903757165457
9680738829076
45794679149144
6994404110222
72207242424626
32194658313000
82975615574045
42755469244581
3354033474549
18943320656794
24426031951894
127831686454225
52192854114645
15244778566555
51249176991772
7775421200564
18416895946835
8602875514621
35554233154423
28795177606464
12626433086353
46218204541846
21094198854925
34256814886622
23933828461886
295306559538509
9215464252091
13133406111589
12650623010891
15920011727887
40081949286041
12219543353577
56695146386155
12700414076006
15156720359271
12748724369478
7472850203219
33104312798886
2012365421415
1758658470408
95916273421820
29999021607984
121388548428627
13103558017051
157119894399955
15673740996309
266854589823
66683163702548
83027170706906
2425613507268
124432156713276
43868373409784
17924988458056
16571599778657
37344912664994
3060853849
32868859046839
79085845396517
34680315183298
35265396735361
10428877590250
35380197317863
61640807255708
143430157776610
12533505130825
53762712493513
69485290553890
37175818084801
10678367291477
164500805409706
80706786692139
36635694015179
95775382224444
55832728081789
26583532075690
78551605747930
49379629944160
65815051478375
4879963507643
17002909213320
30652126962268
15698352577602
24652431104269
70635444023364
5493391345379
67793999232637
8866418614616
4623098234817
141032538779115
298556844628044
135197471084484
51340991418467
406728949831476
192008798314271
69492973627616
34268403168232
169662932819679
53677029699996
23484059396249
13222148936639
190688088266
109257622464446
82871276267498
356491002344829
65719127478706
47942939260160
110106154314547
337916216209450
139904401924564
424136558677084
1153263400762
37530029207803
122695937899712
21268935332959
7423785552974
15109893580215
118450088708242
109352360750017
185569759726452
20843414442857
27489525485525
3146369688504
441453864384337
534613285643804
24888810123365
576180680542997
331792265364431
172320562828043
58156398658590
103306540833247
61213093149136
116812515841323
171888570903385
49110635560914
948612614547
272154858927342
58076610463525
221468803887849
161566433846187
86147168105603
589508353036949
179076485091275
155012370378678
63664634477050
256131404181867
37449245933755
42505213095652
97297832332161
587385388553191
504487830090467
124172368396450
222574799869633
260294849298380
101894766965418
33206712317141
86357010679569
543732676208912
133937395305694
236491130639997
198439911776519
61786446620419
346936340331554
297953067843712
43830099051475
47027524127622
148716579913436
190542667103052
116523476481416
65359780188068
608007132748530
256519294213287
44027947702769
252133159143087
625286668629810
295149720269956
240273423069269
566356905884199
38143720725312
164720915776927
146348929146346
67315145856646
1130183747762
181984123349025
418353104315967
139084104810128
121593447103391
118535784509025
310367782715733
147084168059495
154506631335907
156856820977112
480575629988878
60255226106801
103957768489184
126528370080398
28159700417475
510880327057211
195684374242792
57947203824827
164646492865655
167419461228768
192575563478916
257912495502320
206095445103471
304741004147337
413992106709813
48409273115809
99713138072939
25409978067310
89035421791360
8944740264829
59825249023083
102056037680304
510468128617950
368630008980
213727554003643
195113757059435
355440338920374
18458686028305
89207935420801
92385218057607
598676699951066
74732936634824
284744500407081
75643133313112
4374725277500
184051748304010
25476903711321
70991313795680
261426709787943
25649092858025
42264214533132
579571665581665
284152845939535
144986195844114
350818557633864
712403691389306
54670505629305
101012736331458
132112592518493
186525132629621
572434423653435
80667053342383
610266114203421
128904139214982
4965470791470
650515217524563
165241639498154
30309765026685
186505541046290
103919527584443
4577974495127
174259466790872
665455878433461
189984324443329
31662159862025
262392941363136
25247397161402
369335695370229
74324556099042
22479506583895
32672756068401
223636697455617
63623540625290
232102882887420
172162996095701
5643106169128
212311115579425
137306957182408
10653971588413
49690173484107
118887735102472
47163408041722
96684643127167
145274379685462
4114950201663
96805021106112
63414344321977
227921714930561
1038890668767
134961900333337
163803722964607
909912050593158
9681179632565
145966156888283
