1.000   0.575   0.575   0.555   1.000   0.555   
0.575   0.555   1.000   0.575   1.000   0.555   
0.575   0.555   1.000   0.575   1.000   0.555   
1.000   0.575   0.575   0.555   1.000   0.555   
0.575   1.000   0.575   0.555   1.000   0.555   
0.575   0.555   1.000   0.575   1.000   0.555   
0.575   1.000   0.575   0.555   1.000   0.555   
1.000   0.575   0.575   0.555   1.000   0.555   
0.575   1.000   0.575   0.555   1.000   0.555   
0.555   1.000   0.555   0.575   1.000   0.575   
1.000   0.575   0.575   0.555   1.000   0.555   
1.000   0.575   0.575   0.555   1.000   0.555   
