0.575   0.555   1.000   0.575   1.000   0.555   
1.000   1.000   1.000   1.000   1.000   
0.985   1.000   1.000   1.000   1.000   0.765   0.810   1.000   
1.000   1.000   1.000   1.000   1.000   1.000   1.000   1.000   1.000   1.000   1.000   1.000   1.000   1.000   1.000   1.000   1.000   1.000   1.000   1.000   
0.575   0.555   1.000   0.575   1.000   0.555   
0.575   0.555   1.000   0.575   1.000   0.555   
0.575   0.555   1.000   0.575   1.000   0.555   
0.575   0.555   1.000   0.575   1.000   0.555   
0.575   1.000   0.575   0.555   1.000   0.555   
0.575   0.555   1.000   0.575   1.000   0.555   
0.575   0.555   1.000   0.575   1.000   0.555   
1.000   0.575   0.575   1.000   0.555   0.555   
1.000   1.000   1.000   1.000   1.000   
1.000   1.000   1.000   1.000   1.000   
1.000   1.000   1.000   1.000   1.000   
1.000   1.000   1.000   1.000   1.000   
1.000   1.000   1.000   1.000   1.000   
1.000   1.000   1.000   1.000   1.000   
1.000   1.000   1.000   1.000   1.000   
1.000   1.000   1.000   1.000   1.000   
0.765   1.000   1.000   1.000   1.000   0.985   1.000   0.810   
0.765   1.000   1.000   1.000   1.000   0.985   1.000   0.810   
0.765   1.000   1.000   1.000   1.000   0.985   1.000   0.810   
0.765   1.000   1.000   1.000   1.000   0.985   1.000   0.810   
0.765   1.000   1.000   1.000   1.000   0.985   1.000   0.810   
0.765   1.000   1.000   1.000   1.000   0.985   1.000   0.810   
0.765   1.000   1.000   1.000   1.000   0.985   1.000   0.810   
0.765   1.000   1.000   1.000   1.000   0.985   1.000   0.810   
1.000   1.000   1.000   1.000   1.000   1.000   1.000   1.000   1.000   1.000   1.000   1.000   1.000   1.000   1.000   1.000   1.000   1.000   1.000   1.000   
1.000   1.000   1.000   1.000   1.000   1.000   1.000   1.000   1.000   1.000   1.000   1.000   1.000   1.000   1.000   1.000   1.000   1.000   1.000   1.000   
1.000   1.000   1.000   1.000   1.000   1.000   1.000   1.000   1.000   1.000   1.000   1.000   1.000   1.000   1.000   1.000   1.000   1.000   1.000   1.000   
1.000   1.000   1.000   1.000   1.000   1.000   1.000   1.000   1.000   1.000   1.000   1.000   1.000   1.000   1.000   1.000   1.000   1.000   1.000   1.000   
1.000   1.000   1.000   1.000   1.000   1.000   1.000   1.000   1.000   1.000   1.000   1.000   1.000   1.000   1.000   1.000   1.000   1.000   1.000   1.000   
1.000   1.000   1.000   1.000   1.000   1.000   1.000   1.000   1.000   1.000   1.000   1.000   1.000   1.000   1.000   1.000   1.000   1.000   1.000   1.000   
1.000   1.000   1.000   1.000   1.000   1.000   1.000   1.000   1.000   1.000   1.000   1.000   1.000   1.000   1.000   1.000   1.000   1.000   1.000   1.000   
1.000   1.000   1.000   1.000   1.000   1.000   1.000   1.000   1.000   1.000   1.000   1.000   1.000   1.000   1.000   1.000   1.000   1.000   1.000   1.000   
1.000   0.555   0.575   0.575   1.000   0.555   
1.000   0.555   0.575   0.575   1.000   0.555   
1.000   0.555   0.575   0.575   1.000   0.555   
1.000   0.555   0.575   0.575   1.000   0.555   
0.555   1.000   0.575   0.575   1.000   0.555   
1.000   0.575   0.575   0.555   1.000   0.555   
1.000   0.555   0.575   0.575   1.000   0.555   
1.000   0.555   0.575   0.575   1.000   0.555   
1.000   1.000   1.000   1.000   1.000   
1.000   1.000   1.000   1.000   1.000   
1.000   1.000   1.000   1.000   1.000   
1.000   1.000   1.000   1.000   1.000   
1.000   1.000   1.000   1.000   1.000   
1.000   1.000   1.000   1.000   1.000   
1.000   1.000   1.000   1.000   1.000   
1.000   1.000   1.000   1.000   1.000   
1.000   0.810   0.765   1.000   1.000   1.000   0.985   1.000   
0.765   1.000   0.985   1.000   1.000   1.000   1.000   0.810   
1.000   0.765   1.000   0.985   1.000   1.000   1.000   0.810   
1.000   0.985   1.000   0.765   1.000   1.000   1.000   0.810   
1.000   0.765   1.000   0.985   1.000   1.000   1.000   0.810   
1.000   0.765   1.000   0.985   1.000   1.000   1.000   0.810   
1.000   1.000   1.000   0.765   0.985   1.000   1.000   0.810   
1.000   1.000   1.000   0.810   0.765   1.000   0.985   1.000   
1.000   1.000   1.000   1.000   1.000   1.000   1.000   1.000   1.000   1.000   1.000   1.000   1.000   1.000   1.000   1.000   1.000   1.000   1.000   1.000   
1.000   1.000   1.000   1.000   1.000   1.000   1.000   1.000   1.000   1.000   1.000   1.000   1.000   1.000   1.000   1.000   1.000   1.000   1.000   1.000   
1.000   1.000   1.000   1.000   1.000   1.000   1.000   1.000   1.000   1.000   1.000   1.000   1.000   1.000   1.000   1.000   1.000   1.000   1.000   1.000   
1.000   1.000   1.000   1.000   1.000   1.000   1.000   1.000   1.000   1.000   1.000   1.000   1.000   1.000   1.000   1.000   1.000   1.000   1.000   1.000   
1.000   1.000   1.000   1.000   1.000   1.000   1.000   1.000   1.000   1.000   1.000   1.000   1.000   1.000   1.000   1.000   1.000   1.000   1.000   1.000   
1.000   1.000   1.000   1.000   1.000   1.000   1.000   1.000   1.000   1.000   1.000   1.000   1.000   1.000   1.000   1.000   1.000   1.000   1.000   1.000   
1.000   1.000   1.000   1.000   1.000   1.000   1.000   1.000   1.000   1.000   1.000   1.000   1.000   1.000   1.000   1.000   1.000   1.000   1.000   1.000   
1.000   1.000   1.000   1.000   1.000   1.000   1.000   1.000   1.000   1.000   1.000   1.000   1.000   1.000   1.000   1.000   1.000   1.000   1.000   1.000   
0.575   0.555   1.000   0.575   1.000   0.555   
1.000   0.575   0.575   0.555   1.000   0.555   
0.555   1.000   0.555   0.575   1.000   0.575   
1.000   0.575   0.555   0.555   1.000   0.575   
0.575   1.000   0.575   0.555   1.000   0.555   
0.575   0.555   1.000   0.575   1.000   0.555   
0.575   1.000   0.575   1.000   0.555   0.555   
0.575   0.555   1.000   0.575   1.000   0.555   
1.000   1.000   1.000   1.000   1.000   
1.000   1.000   1.000   1.000   1.000   
1.000   1.000   1.000   1.000   1.000   
1.000   1.000   1.000   1.000   1.000   
1.000   1.000   1.000   1.000   1.000   
1.000   1.000   1.000   1.000   1.000   
1.000   1.000   1.000   1.000   1.000   
1.000   1.000   1.000   1.000   1.000   
0.765   1.000   1.000   1.000   1.000   0.985   1.000   0.810   
1.000   0.765   1.000   1.000   1.000   1.000   0.985   0.810   
1.000   1.000   1.000   0.765   1.000   1.000   0.985   0.810   
1.000   0.985   1.000   0.765   1.000   1.000   1.000   0.810   
0.810   1.000   1.000   0.985   0.765   1.000   1.000   1.000   
0.765   1.000   1.000   0.810   1.000   1.000   1.000   0.985   
1.000   1.000   1.000   0.810   0.765   1.000   1.000   0.985   
1.000   1.000   1.000   0.985   1.000   0.765   0.810   1.000   
1.000   1.000   1.000   1.000   1.000   1.000   1.000   1.000   1.000   1.000   1.000   1.000   1.000   1.000   1.000   1.000   1.000   1.000   1.000   1.000   
1.000   1.000   1.000   1.000   1.000   1.000   1.000   1.000   1.000   1.000   1.000   1.000   1.000   1.000   1.000   1.000   1.000   1.000   1.000   1.000   
1.000   1.000   1.000   1.000   1.000   1.000   1.000   1.000   1.000   1.000   1.000   1.000   1.000   1.000   1.000   1.000   1.000   1.000   1.000   1.000   
1.000   1.000   1.000   1.000   1.000   1.000   1.000   1.000   1.000   1.000   1.000   1.000   1.000   1.000   1.000   1.000   1.000   1.000   1.000   1.000   
1.000   1.000   1.000   1.000   1.000   1.000   1.000   1.000   1.000   1.000   1.000   1.000   1.000   1.000   1.000   1.000   1.000   1.000   1.000   1.000   
1.000   1.000   1.000   1.000   1.000   1.000   1.000   1.000   1.000   1.000   1.000   1.000   1.000   1.000   1.000   1.000   1.000   1.000   1.000   1.000   
1.000   1.000   1.000   1.000   1.000   1.000   1.000   1.000   1.000   1.000   1.000   1.000   1.000   1.000   1.000   1.000   1.000   1.000   1.000   1.000   
1.000   1.000   1.000   1.000   1.000   1.000   1.000   1.000   1.000   1.000   1.000   1.000   1.000   1.000   1.000   1.000   1.000   1.000   1.000   1.000   
0.575   0.555   1.000   0.575   1.000   0.555   
1.000   0.575   0.575   0.555   1.000   0.555   
0.555   0.575   1.000   0.575   1.000   0.555   
1.000   0.575   0.555   0.555   1.000   0.575   
0.575   0.555   1.000   0.575   1.000   0.555   
0.575   1.000   0.575   0.555   1.000   0.555   
0.575   0.555   1.000   0.575   1.000   0.555   
0.555   0.575   1.000   0.555   1.000   0.575   
1.000   1.000   0.575   0.575   0.555   0.555   
0.575   0.555   1.000   0.575   1.000   0.555   
0.575   0.555   1.000   0.575   1.000   0.555   
0.575   1.000   0.575   0.555   1.000   0.555   
0.555   0.575   1.000   0.575   1.000   0.555   
0.555   1.000   0.575   0.575   1.000   0.555   
0.575   0.555   1.000   0.555   1.000   0.575   
0.555   0.575   1.000   0.575   1.000   0.555   
1.000   0.575   0.555   0.555   1.000   0.575   
0.575   0.555   1.000   0.575   1.000   0.555   
0.555   1.000   0.555   0.575   1.000   0.575   
0.575   0.555   1.000   0.575   1.000   0.555   
